camera_matrix:
- - 320.0
  - 0.0
  - 320.0
- - 0.0
  - 320.0
  - 240.0
- - 0.0
  - 0.0
  - 1.0
dist_coeffs:
- 0.0
- 0.0
- 0.0
- 0.0
- 0.0
marker_size:
- 0.2