camera_matrix:
- - 1000.0
  - 0.0
  - 320.0
- - 0.0
  - 1000.0
  - 240.0
- - 0.0
  - 0.0
  - 1.0
dist_coeffs:
- - 0.0
- - 0.0
- - 0.0
- - 0.0
- - 0.0
marker_size: 0.21